(489, 5)
-4.433631524443626404e-02,2.805702202022075653e-02,4.034117236733436584e-02,2.921195700764656067e-02,0.000000000000000000e+00
-4.377517476677894592e-02,-1.676195263862609863e-01,4.092540964484214783e-02,3.343450725078582764e-01,1.000000000000000000e+00
-4.712756723165512085e-02,2.689678035676479340e-02,4.761230945587158203e-02,5.484362691640853882e-02,0.000000000000000000e+00
-4.658963158726692200e-02,-1.688743829727172852e-01,4.870918393135070801e-02,3.621603250503540039e-01,1.000000000000000000e+00
-4.996711760759353638e-02,2.552262321114540100e-02,5.595238879323005676e-02,8.522549271583557129e-02,1.000000000000000000e+00
-4.945666715502738953e-02,2.197997421026229858e-01,5.765689909458160400e-02,-1.892927289009094238e-01,0.000000000000000000e+00
-4.506067186594009399e-02,2.390235662460327148e-02,5.387104675173759460e-02,1.210068166255950928e-01,1.000000000000000000e+00
-4.458262398838996887e-02,2.182127535343170166e-01,5.629118159413337708e-02,-1.542055308818817139e-01,0.000000000000000000e+00
-4.021836817264556885e-02,2.233188785612583160e-02,5.320706963539123535e-02,1.556912511587142944e-01,0.000000000000000000e+00
-3.977173194289207458e-02,-1.735099107027053833e-01,5.632089450955390930e-02,4.646736979484558105e-01,1.000000000000000000e+00
-4.324192926287651062e-02,2.077284269034862518e-02,6.561437249183654785e-02,1.902612596750259399e-01,1.000000000000000000e+00
-4.282647371292114258e-02,2.148977369070053101e-01,6.941959261894226074e-02,-8.102269470691680908e-02,0.000000000000000000e+00
-3.852851688861846924e-02,1.885286346077919006e-02,6.779914349317550659e-02,2.327293008565902710e-01,1.000000000000000000e+00
-3.815146163105964661e-02,2.129438519477844238e-01,7.245372980833053589e-02,-3.782061859965324402e-02,0.000000000000000000e+00
-3.389258310198783875e-02,1.686172746121883392e-02,7.169731706380844116e-02,2.768136560916900635e-01,0.000000000000000000e+00
-3.355534747242927551e-02,-1.792059689760208130e-01,7.723359018564224243e-02,5.912205576896667480e-01,1.000000000000000000e+00
-3.713946789503097534e-02,1.475455984473228455e-02,8.905799686908721924e-02,3.238312005996704102e-01,1.000000000000000000e+00
-3.684437647461891174e-02,2.085029929876327515e-01,9.553462266921997070e-02,6.050875037908554077e-02,1.000000000000000000e+00
-3.267431631684303284e-02,4.021345674991607666e-01,9.674479812383651733e-02,-2.005697339773178101e-01,0.000000000000000000e+00
-2.463162504136562347e-02,2.057716548442840576e-01,9.273340553045272827e-02,1.209959462285041809e-01,1.000000000000000000e+00
-2.051619254052639008e-02,3.994510769844055176e-01,9.515332430601119995e-02,-1.410503685474395752e-01,0.000000000000000000e+00
-1.252717059105634689e-02,2.031042575836181641e-01,9.233231842517852783e-02,1.800704449415206909e-01,1.000000000000000000e+00
-8.465085178613662720e-03,3.967919647693634033e-01,9.593372792005538940e-02,-8.211643993854522705e-02,0.000000000000000000e+00
-5.292459391057491302e-04,2.004350721836090088e-01,9.429139643907546997e-02,2.392258793115615845e-01,1.000000000000000000e+00
3.479455597698688507e-03,3.940923810005187988e-01,9.907591342926025391e-02,-2.228911221027374268e-02,0.000000000000000000e+00
1.136130373924970627e-02,1.976994723081588745e-01,9.863013029098510742e-02,2.999362945556640625e-01,1.000000000000000000e+00
1.531529333442449570e-02,3.912873864173889160e-01,1.046288534998893738e-01,3.991596400737762451e-02,1.000000000000000000e+00
2.314103953540325165e-02,5.847654938697814941e-01,1.054271757602691650e-01,-2.180093079805374146e-01,0.000000000000000000e+00
3.483634814620018005e-02,3.883067965507507324e-01,1.010669916868209839e-01,1.059807315468788147e-01,1.000000000000000000e+00
4.260248690843582153e-02,5.818460583686828613e-01,1.031866073608398438e-01,-1.531836539506912231e-01,0.000000000000000000e+00
5.423940718173980713e-02,3.854096233844757080e-01,1.001229286193847656e-01,1.701868176460266113e-01,1.000000000000000000e+00
6.194759905338287354e-02,5.789665579795837402e-01,1.035266667604446411e-01,-8.930757641792297363e-02,1.000000000000000000e+00
7.352693378925323486e-02,7.724639773368835449e-01,1.017405167222023010e-01,-3.476171791553497314e-01,0.000000000000000000e+00
8.897621184587478638e-02,5.760532021522521973e-01,9.478817135095596313e-02,-2.466436102986335754e-02,1.000000000000000000e+00
1.004972755908966064e-01,7.696970105171203613e-01,9.429488331079483032e-02,-2.860001623630523682e-01,0.000000000000000000e+00
1.158912107348442078e-01,5.733655691146850586e-01,8.857487887144088745e-02,3.487029299139976501e-02,1.000000000000000000e+00
1.273585259914398193e-01,7.671130299568176270e-01,8.927229046821594238e-02,-2.286046296358108521e-01,0.000000000000000000e+00
1.427007913589477539e-01,5.708363056182861328e-01,8.470019698143005371e-02,9.084931015968322754e-02,0.000000000000000000e+00
1.541175097227096558e-01,3.746088743209838867e-01,8.651718497276306152e-02,4.090073704719543457e-01,1.000000000000000000e+00
1.616096943616867065e-01,5.684044361114501953e-01,9.469732642173767090e-02,1.448056101799011230e-01,1.000000000000000000e+00
1.729777753353118896e-01,7.620516419410705566e-01,9.759344160556793213e-02,-1.165643483400344849e-01,0.000000000000000000e+00
1.882188171148300171e-01,5.656766295433044434e-01,9.526215493679046631e-02,2.052434384822845459e-01,1.000000000000000000e+00
1.995323449373245239e-01,7.593163847923278809e-01,9.936702251434326172e-02,-5.593446642160415649e-02,0.000000000000000000e+00
2.147186696529388428e-01,5.629204511642456055e-01,9.824833273887634277e-02,2.663720846176147461e-01,1.000000000000000000e+00
2.259770780801773071e-01,7.565128803253173828e-01,1.035757735371589661e-01,6.222347263246774673e-03,1.000000000000000000e+00
2.411073446273803711e-01,9.500086903572082520e-01,1.037002205848693848e-01,-2.520689964294433594e-01,1.000000000000000000e+00
2.601075172424316406e-01,1.143508791923522949e+00,9.865884482860565186e-02,-5.103266239166259766e-01,0.000000000000000000e+00
2.829777002334594727e-01,9.471455216407775879e-01,8.845230937004089355e-02,-1.882553696632385254e-01,1.000000000000000000e+00
3.019205927848815918e-01,1.140897989273071289e+00,8.468720316886901855e-02,-4.517768025398254395e-01,0.000000000000000000e+00
3.247385621070861816e-01,9.446868300437927246e-01,7.565166801214218140e-02,-1.336465924978256226e-01,0.000000000000000000e+00
3.436322808265686035e-01,7.485673427581787109e-01,7.297873497009277344e-02,1.819115877151489258e-01,1.000000000000000000e+00
3.586036264896392822e-01,9.425732493400573730e-01,7.661696523427963257e-02,-8.688598871231079102e-02,0.000000000000000000e+00
3.774551153182983398e-01,7.464414238929748535e-01,7.487924396991729736e-02,2.289520204067230225e-01,1.000000000000000000e+00
3.923839330673217773e-01,9.404179453849792480e-01,7.945828884840011597e-02,-3.920344263315200806e-02,1.000000000000000000e+00
4.111922979354858398e-01,1.134315848350524902e+00,7.867421954870223999e-02,-3.057965040206909180e-01,0.000000000000000000e+00
4.338786005973815918e-01,9.381660819053649902e-01,7.255829125642776489e-02,1.062443479895591736e-02,1.000000000000000000e+00
4.526419341564178467e-01,1.132176518440246582e+00,7.277077436447143555e-02,-2.583120465278625488e-01,0.000000000000000000e+00
4.752854704856872559e-01,9.360951185226440430e-01,6.760453432798385620e-02,5.640726536512374878e-02,1.000000000000000000e+00
4.940073490142822266e-01,1.130185842514038086e+00,6.873267889022827148e-02,-2.142032235860824585e-01,1.000000000000000000e+00
5.166110992431640625e-01,1.324261307716369629e+00,6.444861739873886108e-02,-4.844374954700469971e-01,0.000000000000000000e+00
5.430963039398193359e-01,1.128291845321655273e+00,5.475986748933792114e-02,-1.721587926149368286e-01,1.000000000000000000e+00
5.656621456146240234e-01,1.322589039802551270e+00,5.131668969988822937e-02,-4.470763504505157471e-01,0.000000000000000000e+00
5.921139121055603027e-01,1.126780152320861816e+00,4.237516596913337708e-02,-1.386691331863403320e-01,1.000000000000000000e+00
6.146495342254638672e-01,1.321270346641540527e+00,3.960178047418594360e-02,-4.176879823207855225e-01,0.000000000000000000e+00
6.410749554634094238e-01,1.125610232353210449e+00,3.124802187085151672e-02,-1.127880364656448364e-01,0.000000000000000000e+00
6.635871529579162598e-01,9.300547838211059570e-01,2.899226173758506775e-02,1.895873546600341797e-01,1.000000000000000000e+00
6.821882128715515137e-01,1.124750256538391113e+00,3.278400748968124390e-02,-9.381053596735000610e-02,1.000000000000000000e+00
7.046832442283630371e-01,1.319387316703796387e+00,3.090779855847358704e-02,-3.759725391864776611e-01,0.000000000000000000e+00
7.310709953308105469e-01,1.123840332031250000e+00,2.338834665715694427e-02,-7.370666414499282837e-02,1.000000000000000000e+00
7.535477876663208008e-01,1.318619251251220703e+00,2.191421389579772949e-02,-3.589196801185607910e-01,0.000000000000000000e+00
7.799201607704162598e-01,1.123192787170410156e+00,1.473581977188587189e-02,-5.940803512930870056e-02,0.000000000000000000e+00
8.023840188980102539e-01,9.278626441955566406e-01,1.354765985161066055e-02,2.378874719142913818e-01,1.000000000000000000e+00
8.209412693977355957e-01,1.122788429260253906e+00,1.830540969967842102e-02,-5.049151554703712463e-02,1.000000000000000000e+00
8.433970808982849121e-01,1.317643165588378906e+00,1.729557849466800690e-02,-3.373431861400604248e-01,0.000000000000000000e+00
8.697499036788940430e-01,1.122279524803161621e+00,1.054871454834938049e-02,-3.925674408674240112e-02,1.000000000000000000e+00
8.921955227851867676e-01,1.317248582839965820e+00,9.763579815626144409e-03,-3.285928666591644287e-01,0.000000000000000000e+00
9.185404777526855469e-01,1.121989011764526367e+00,3.191722556948661804e-03,-3.284701704978942871e-02,1.000000000000000000e+00
9.409802556037902832e-01,1.317065000534057617e+00,2.534782281145453453e-03,-3.245212137699127197e-01,0.000000000000000000e+00
9.673215746879577637e-01,1.121907114982604980e+00,-3.955642227083444595e-03,-3.104000352323055267e-02,1.000000000000000000e+00
9.897596836090087891e-01,1.317085504531860352e+00,-4.576442297548055649e-03,-3.249683380126953125e-01,0.000000000000000000e+00
1.016101360321044922e+00,1.122029066085815430e+00,-1.107580866664648056e-02,-3.373214602470397949e-02,1.000000000000000000e+00
1.038542032241821289e+00,1.317308068275451660e+00,-1.175045222043991089e-02,-3.298889100551605225e-01,0.000000000000000000e+00
1.064888119697570801e+00,1.122355341911315918e+00,-1.834823004901409149e-02,-4.093457758426666260e-02,1.000000000000000000e+00
1.087335228919982910e+00,1.317735552787780762e+00,-1.916692219674587250e-02,-3.393495976924896240e-01,1.000000000000000000e+00
1.113690018653869629e+00,1.513124942779541016e+00,-2.595391497015953064e-02,-6.380145549774169922e-01,0.000000000000000000e+00
1.143952488899230957e+00,1.318374276161193848e+00,-3.871420398354530334e-02,-3.536165952682495117e-01,0.000000000000000000e+00
1.170319914817810059e+00,1.123823642730712891e+00,-4.578653723001480103e-02,-7.338838279247283936e-02,1.000000000000000000e+00
1.192796468734741211e+00,1.319571018218994141e+00,-4.725430533289909363e-02,-3.801583349704742432e-01,0.000000000000000000e+00
1.219187855720520020e+00,1.125150799751281738e+00,-5.485747009515762329e-02,-1.027412116527557373e-01,1.000000000000000000e+00
1.241690874099731445e+00,1.321014285087585449e+00,-5.691229552030563354e-02,-4.122144579887390137e-01,0.000000000000000000e+00
1.268111109733581543e+00,1.126743316650390625e+00,-6.515658646821975708e-02,-1.380030363798141479e-01,0.000000000000000000e+00
1.290646076202392578e+00,9.326122403144836426e-01,-6.791664659976959229e-02,1.334332972764968872e-01,1.000000000000000000e+00
1.309298276901245117e+00,1.128637909889221191e+00,-6.524798274040222168e-02,-1.798795759677886963e-01,0.000000000000000000e+00
1.331871032714843750e+00,9.345074295997619629e-01,-6.884557008743286133e-02,9.152727574110031128e-02,1.000000000000000000e+00
1.350561141967773438e+00,1.130545139312744141e+00,-6.701502948999404907e-02,-2.220573425292968750e-01,1.000000000000000000e+00
1.373172044754028320e+00,1.326557755470275879e+00,-7.145617157220840454e-02,-5.351039767265319824e-01,0.000000000000000000e+00
1.399703264236450195e+00,1.132509589195251465e+00,-8.215825259685516357e-02,-2.657646834850311279e-01,0.000000000000000000e+00
1.422353386878967285e+00,9.386504888534545898e-01,-8.747354894876480103e-02,-8.426402200711891055e-05,1.000000000000000000e+00
1.441126465797424316e+00,1.134910941123962402e+00,-8.747523277997970581e-02,-3.190338313579559326e-01,0.000000000000000000e+00
1.463824629783630371e+00,9.411366581916809082e-01,-9.385591000318527222e-02,-5.516869202256202698e-02,0.000000000000000000e+00
1.482647418975830078e+00,7.474770545959472656e-01,-9.495928138494491577e-02,2.064891010522842407e-01,1.000000000000000000e+00
1.497596979141235352e+00,9.438195824623107910e-01,-9.082949906587600708e-02,-1.145739331841468811e-01,0.000000000000000000e+00
1.516473293304443359e+00,7.501085400581359863e-01,-9.312097728252410889e-02,1.481276750564575195e-01,1.000000000000000000e+00
1.531475543975830078e+00,9.464321136474609375e-01,-9.015842527151107788e-02,-1.724197566509246826e-01,0.000000000000000000e+00
1.550404071807861328e+00,7.527084350585937500e-01,-9.360682219266891479e-02,9.051480889320373535e-02,1.000000000000000000e+00
1.565458297729492188e+00,9.490387439727783203e-01,-9.179652482271194458e-02,-2.301716357469558716e-01,0.000000000000000000e+00
1.584439039230346680e+00,7.553402781486511230e-01,-9.639995545148849487e-02,3.220248594880104065e-02,0.000000000000000000e+00
1.599545836448669434e+00,5.617234706878662109e-01,-9.575590491294860840e-02,2.929816246032714844e-01,1.000000000000000000e+00
1.610780358314514160e+00,7.580709457397460938e-01,-8.989627659320831299e-02,-2.829965949058532715e-02,0.000000000000000000e+00
1.625941753387451172e+00,5.643454790115356445e-01,-9.046226739883422852e-02,2.347212433815002441e-01,1.000000000000000000e+00
1.637228727340698242e+00,7.606356739997863770e-01,-8.576784282922744751e-02,-8.506974577903747559e-02,1.000000000000000000e+00
1.652441382408142090e+00,9.568756818771362305e-01,-8.746924251317977905e-02,-4.035325646400451660e-01,0.000000000000000000e+00
1.671578884124755859e+00,7.630960941314697266e-01,-9.553989022970199585e-02,-1.396576017141342163e-01,1.000000000000000000e+00
1.686840772628784180e+00,9.594473242759704590e-01,-9.833304584026336670e-02,-4.608873128890991211e-01,0.000000000000000000e+00
1.706029772758483887e+00,7.658427357673645020e-01,-1.075507923960685730e-01,-2.007466852664947510e-01,0.000000000000000000e+00
1.721346616744995117e+00,5.724102258682250977e-01,-1.115657240152359009e-01,5.616660416126251221e-02,1.000000000000000000e+00
1.732794880867004395e+00,7.689403891563415527e-01,-1.104423925280570984e-01,-2.695281803607940674e-01,0.000000000000000000e+00
1.748173594474792480e+00,5.755535364151000977e-01,-1.158329546451568604e-01,-1.361938659101724625e-02,1.000000000000000000e+00
1.759684681892395020e+00,7.721297740936279297e-01,-1.161053404211997986e-01,-3.404865264892578125e-01,0.000000000000000000e+00
1.775127291679382324e+00,5.788347125053405762e-01,-1.229150742292404175e-01,-8.655437827110290527e-02,0.000000000000000000e+00
1.786703944206237793e+00,3.856694102287292480e-01,-1.246461570262908936e-01,1.649614423513412476e-01,0.000000000000000000e+00
1.794417381286621094e+00,1.925317347049713135e-01,-1.213469281792640686e-01,4.158691763877868652e-01,1.000000000000000000e+00
1.798268079757690430e+00,3.891457319259643555e-01,-1.130295470356941223e-01,8.752840757369995117e-02,0.000000000000000000e+00
1.806050896644592285e+00,1.958101242780685425e-01,-1.112789809703826904e-01,3.425213098526000977e-01,1.000000000000000000e+00
1.809967160224914551e+00,3.923248052597045898e-01,-1.044285520911216736e-01,1.692393608391284943e-02,1.000000000000000000e+00
1.817813634872436523e+00,5.887773036956787109e-01,-1.040900722146034241e-01,-3.067957460880279541e-01,0.000000000000000000e+00
1.829589128494262695e+00,3.952807188034057617e-01,-1.102259904146194458e-01,-4.866904765367507935e-02,1.000000000000000000e+00
1.837494850158691406e+00,5.917964577674865723e-01,-1.111993715167045593e-01,-3.739945888519287109e-01,0.000000000000000000e+00
1.849330782890319824e+00,3.984152674674987793e-01,-1.186792626976966858e-01,-1.183396428823471069e-01,1.000000000000000000e+00
1.857299089431762695e+00,5.950199961662292480e-01,-1.210460588335990906e-01,-4.459822177886962891e-01,0.000000000000000000e+00
1.869199395179748535e+00,4.017998576164245605e-01,-1.299656927585601807e-01,-1.937733888626098633e-01,0.000000000000000000e+00
1.877235412597656250e+00,2.087533771991729736e-01,-1.338411718606948853e-01,5.525173246860504150e-02,0.000000000000000000e+00
1.881410479545593262e+00,1.577910408377647400e-02,-1.327361315488815308e-01,3.028924763202667236e-01,1.000000000000000000e+00
1.881726026535034180e+00,2.125184088945388794e-01,-1.266782879829406738e-01,-2.853049524128437042e-02,0.000000000000000000e+00
1.885976433753967285e+00,1.941926404833793640e-02,-1.272488981485366821e-01,2.216533869504928589e-01,1.000000000000000000e+00
1.886364817619323730e+00,2.161086499691009521e-01,-1.228158250451087952e-01,-1.083055660128593445e-01,0.000000000000000000e+00
1.890686988830566406e+00,2.294112369418144226e-02,-1.249819397926330566e-01,1.432460546493530273e-01,0.000000000000000000e+00
1.891145825386047363e+00,-1.701899170875549316e-01,-1.221170127391815186e-01,3.940338492393493652e-01,0.000000000000000000e+00
1.887742042541503906e+00,-3.633865714073181152e-01,-1.142363399267196655e-01,6.458575129508972168e-01,1.000000000000000000e+00
1.880474328994750977e+00,-1.668737381696701050e-01,-1.013191863894462585e-01,3.194970488548278809e-01,1.000000000000000000e+00
1.877136826515197754e+00,2.953425236046314240e-02,-9.492924809455871582e-02,-3.340966068208217621e-03,0.000000000000000000e+00
1.877727508544921875e+00,-1.641071438789367676e-01,-9.499606490135192871e-02,2.579460442066192627e-01,1.000000000000000000e+00
1.874445319175720215e+00,3.223359957337379456e-02,-8.983714878559112549e-02,-6.312404572963714600e-02,0.000000000000000000e+00
1.875090003013610840e+00,-1.614931225776672363e-01,-9.109962731599807739e-02,1.999175995588302612e-01,0.000000000000000000e+00
1.871860146522521973e+00,-3.552020490169525146e-01,-8.710127323865890503e-02,4.625298082828521729e-01,1.000000000000000000e+00
1.864756107330322266e+00,-1.589640527963638306e-01,-7.785067707300186157e-02,1.437133103609085083e-01,0.000000000000000000e+00
1.861576795578002930e+00,-3.528897464275360107e-01,-7.497641444206237793e-02,4.108558297157287598e-01,1.000000000000000000e+00
1.854519009590148926e+00,-1.567894071340560913e-01,-6.675929576158523560e-02,9.550927579402923584e-02,1.000000000000000000e+00
1.851383328437805176e+00,3.922270983457565308e-02,-6.484910845756530762e-02,-2.174666076898574829e-01,0.000000000000000000e+00
1.852167725563049316e+00,-1.549151539802551270e-01,-6.919844448566436768e-02,5.407579615712165833e-02,0.000000000000000000e+00
1.849069476127624512e+00,-3.489801585674285889e-01,-6.811692565679550171e-02,3.241485357284545898e-01,1.000000000000000000e+00
1.842089772224426270e+00,-1.529577672481536865e-01,-6.163395568728446960e-02,1.078592892736196518e-02,0.000000000000000000e+00
1.839030623435974121e+00,-3.471441268920898438e-01,-6.141823902726173401e-02,2.834034860134124756e-01,1.000000000000000000e+00
1.832087755203247070e+00,-1.512023955583572388e-01,-5.575016885995864868e-02,-2.800055593252182007e-02,0.000000000000000000e+00
1.829063773155212402e+00,-3.454823791980743408e-01,-5.631018057465553284e-02,2.465845793485641479e-01,0.000000000000000000e+00
1.822154045104980469e+00,-5.397567749023437500e-01,-5.137848854064941406e-02,5.209878683090209961e-01,1.000000000000000000e+00
1.811358928680419922e+00,-3.439506590366363525e-01,-4.095872864127159119e-02,2.125676274299621582e-01,0.000000000000000000e+00
1.804479956626892090e+00,-5.384637713432312012e-01,-3.670737892389297485e-02,4.920541346073150635e-01,1.000000000000000000e+00
1.793710708618164062e+00,-3.428438305854797363e-01,-2.686629444360733032e-02,1.880322992801666260e-01,0.000000000000000000e+00
1.786853790283203125e+00,-5.375713109970092773e-01,-2.310564927756786346e-02,4.721203744411468506e-01,1.000000000000000000e+00
1.776102304458618164e+00,-3.421307504177093506e-01,-1.366324163973331451e-02,1.722453534603118896e-01,0.000000000000000000e+00
1.769259691238403320e+00,-5.370545387268066406e-01,-1.021833438426256180e-02,4.605868160724639893e-01,1.000000000000000000e+00
1.758518695831298828e+00,-3.417896330356597900e-01,-1.006598118692636490e-03,1.647006571292877197e-01,1.000000000000000000e+00
1.751682877540588379e+00,-1.466532945632934570e-01,2.287414856255054474e-03,-1.282996535301208496e-01,0.000000000000000000e+00
1.748749852180480957e+00,-3.418079316616058350e-01,-2.785781107377260923e-04,1.651040464639663696e-01,0.000000000000000000e+00
1.741913676261901855e+00,-5.369259119033813477e-01,3.023502882570028305e-03,4.576990902423858643e-01,1.000000000000000000e+00
1.731175065040588379e+00,-3.418468236923217773e-01,1.217748410999774933e-02,1.659707129001617432e-01,0.000000000000000000e+00
1.724338173866271973e+00,-5.371409654617309570e-01,1.549689844250679016e-02,4.624702632427215576e-01,1.000000000000000000e+00
1.713595390319824219e+00,-3.422414064407348633e-01,2.474630437791347504e-02,1.747119575738906860e-01,1.000000000000000000e+00
1.706750512123107910e+00,-1.474822014570236206e-01,2.824054285883903503e-02,-1.100627332925796509e-01,0.000000000000000000e+00
1.703800916671752930e+00,-3.429971933364868164e-01,2.603928931057453156e-02,1.913944482803344727e-01,1.000000000000000000e+00
1.696940898895263672e+00,-1.482572555541992188e-01,2.986717782914638519e-02,-9.296175837516784668e-02,1.000000000000000000e+00
1.693975806236267090e+00,4.642416536808013916e-02,2.800794318318367004e-02,-3.760739862918853760e-01,0.000000000000000000e+00
1.694904327392578125e+00,-1.490841656923294067e-01,2.048646286129951477e-02,-7.469325512647628784e-02,1.000000000000000000e+00
1.691922545433044434e+00,4.573818668723106384e-02,1.899259723722934723e-02,-3.608428835868835449e-01,0.000000000000000000e+00
1.692837357521057129e+00,-1.496485173702239990e-01,1.177573949098587036e-02,-6.223219633102416992e-02,0.000000000000000000e+00
1.689844369888305664e+00,-3.449372947216033936e-01,1.053109578788280487e-02,2.341426610946655273e-01,1.000000000000000000e+00
1.682945609092712402e+00,-1.499673873186111450e-01,1.521394867449998856e-02,-5.519989877939224243e-02,1.000000000000000000e+00
1.679946303367614746e+00,4.493315145373344421e-02,1.410995144397020340e-02,-3.430441319942474365e-01,0.000000000000000000e+00
1.680845022201538086e+00,-1.503866612911224365e-01,7.249068468809127808e-03,-4.594539478421211243e-02,1.000000000000000000e+00
1.677837252616882324e+00,4.463059082627296448e-02,6.330160424113273621e-03,-3.363323807716369629e-01,1.000000000000000000e+00
1.678729891777038574e+00,2.396618872880935669e-01,-3.964874485973268747e-04,-6.270124316215515137e-01,0.000000000000000000e+00
1.683523058891296387e+00,4.454547166824340820e-02,-1.293673552572727203e-02,-3.344543874263763428e-01,0.000000000000000000e+00
1.684414029121398926e+00,-1.503899991512298584e-01,-1.962582394480705261e-02,-4.587895050644874573e-02,0.000000000000000000e+00
1.681406140327453613e+00,-3.452250957489013672e-01,-2.054340206086635590e-02,2.405478060245513916e-01,1.000000000000000000e+00
1.674501657485961914e+00,-1.498157978057861328e-01,-1.573244668543338776e-02,-5.854362249374389648e-02,0.000000000000000000e+00
1.671505331993103027e+00,-3.447086811065673828e-01,-1.690331846475601196e-02,2.291343808174133301e-01,1.000000000000000000e+00
1.664611220359802246e+00,-1.493493169546127319e-01,-1.232063118368387222e-02,-6.883215904235839844e-02,1.000000000000000000e+00
1.661624193191528320e+00,4.594708606600761414e-02,-1.369727402925491333e-02,-3.653767108917236328e-01,0.000000000000000000e+00
1.662543177604675293e+00,-1.489775627851486206e-01,-2.100480906665325165e-02,-7.704403251409530640e-02,1.000000000000000000e+00
1.659563660621643066e+00,4.643911495804786682e-02,-2.254568971693515778e-02,-3.762793540954589844e-01,1.000000000000000000e+00
1.660492420196533203e+00,2.418739050626754761e-01,-3.007127530872821808e-02,-6.759849190711975098e-01,0.000000000000000000e+00
1.665329813957214355e+00,4.718244075775146484e-02,-4.359097406268119812e-02,-3.929193615913391113e-01,0.000000000000000000e+00
1.666273474693298340e+00,-1.472946852445602417e-01,-5.144936218857765198e-02,-1.142924651503562927e-01,0.000000000000000000e+00
1.663327574729919434e+00,-3.416431248188018799e-01,-5.373521149158477783e-02,1.617249995470046997e-01,0.000000000000000000e+00
1.656494736671447754e+00,-5.359562635421752930e-01,-5.050070956349372864e-02,4.369834661483764648e-01,1.000000000000000000e+00
1.645775675773620605e+00,-3.401572108268737793e-01,-4.176104068756103516e-02,1.288184076547622681e-01,1.000000000000000000e+00
1.638972520828247070e+00,-1.444626748561859131e-01,-3.918467462062835693e-02,-1.767416447401046753e-01,1.000000000000000000e+00
1.636083245277404785e+00,5.119750276207923889e-02,-4.271950572729110718e-02,-4.815239608287811279e-01,0.000000000000000000e+00
1.637107133865356445e+00,-1.432962417602539062e-01,-5.234998464584350586e-02,-2.026052325963973999e-01,0.000000000000000000e+00
1.634241223335266113e+00,-3.376319408416748047e-01,-5.640209093689918518e-02,7.311511784791946411e-02,0.000000000000000000e+00
1.627488613128662109e+00,-5.319018363952636719e-01,-5.493978783488273621e-02,3.474831581115722656e-01,0.000000000000000000e+00
1.616850614547729492e+00,-7.262010574340820312e-01,-4.799012467265129089e-02,6.223480701446533203e-01,1.000000000000000000e+00
1.602326512336730957e+00,-5.304430127143859863e-01,-3.554316237568855286e-02,3.149453699588775635e-01,1.000000000000000000e+00
1.591717720031738281e+00,-3.348332643508911133e-01,-2.924425527453422546e-02,1.126857660710811615e-02,0.000000000000000000e+00
1.585021018981933594e+00,-5.295238494873046875e-01,-2.901888452470302582e-02,2.945830225944519043e-01,1.000000000000000000e+00
1.574430584907531738e+00,-3.340004682540893555e-01,-2.312722243368625641e-02,-7.108926773071289062e-03,0.000000000000000000e+00
1.567750573158264160e+00,-5.287832617759704590e-01,-2.326940186321735382e-02,2.781882882118225098e-01,1.000000000000000000e+00
1.557174921035766602e+00,-3.333371877670288086e-01,-1.770563609898090363e-02,-2.174199558794498444e-02,0.000000000000000000e+00
1.550508141517639160e+00,-5.282008051872253418e-01,-1.814047619700431824e-02,2.653024196624755859e-01,0.000000000000000000e+00
1.539944171905517578e+00,-7.230592370033264160e-01,-1.283442694693803787e-02,5.522089600563049316e-01,1.000000000000000000e+00
1.525482892990112305e+00,-5.277593731880187988e-01,-1.790248323231935501e-03,2.555101215839385986e-01,0.000000000000000000e+00
1.514927744865417480e+00,-7.228557467460632324e-01,3.319953801110386848e-03,5.476278066635131836e-01,1.000000000000000000e+00
1.500470638275146484e+00,-5.277805924415588379e-01,1.427251007407903671e-02,2.559927701950073242e-01,1.000000000000000000e+00
1.489915013313293457e+00,-3.328652977943420410e-01,1.939236558973789215e-02,-3.215441852807998657e-02,0.000000000000000000e+00
1.483257770538330078e+00,-5.282598733901977539e-01,1.874927803874015808e-02,2.665833830833435059e-01,1.000000000000000000e+00
1.472692489624023438e+00,-3.334104716777801514e-01,2.408094517886638641e-02,-2.012741006910800934e-02,1.000000000000000000e+00
1.466024279594421387e+00,-1.386419981718063354e-01,2.367839589715003967e-02,-3.051162958145141602e-01,0.000000000000000000e+00
1.463251471519470215e+00,-3.340932428836822510e-01,1.757607050240039825e-02,-5.060829687863588333e-03,0.000000000000000000e+00
1.456569552421569824e+00,-5.294628143310546875e-01,1.747485436499118805e-02,2.931153178215026855e-01,1.000000000000000000e+00
1.445980310440063477e+00,-3.345943093299865723e-01,2.333716116845607758e-02,5.994557403028011322e-03,0.000000000000000000e+00
1.439288496971130371e+00,-5.300430059432983398e-01,2.345705218613147736e-02,3.059483170509338379e-01,0.000000000000000000e+00
1.428687572479248047e+00,-7.254912257194519043e-01,2.957601845264434814e-02,6.059357523918151855e-01,1.000000000000000000e+00
1.414177775382995605e+00,-5.307950973510742188e-01,4.169473424553871155e-02,3.227133154869079590e-01,1.000000000000000000e+00
1.403561830520629883e+00,-3.362908959388732910e-01,4.814900085330009460e-02,4.346528649330139160e-02,0.000000000000000000e+00
1.396836042404174805e+00,-5.320690274238586426e-01,4.901830479502677917e-02,3.509424924850463867e-01,1.000000000000000000e+00
1.386194705963134766e+00,-3.376772105693817139e-01,5.603715404868125916e-02,7.411061227321624756e-02,0.000000000000000000e+00
1.379441142082214355e+00,-5.335558652877807617e-01,5.751936882734298706e-02,3.839337229728698730e-01,1.000000000000000000e+00
1.368770003318786621e+00,-3.392957150936126709e-01,6.519804149866104126e-02,1.099267527461051941e-01,0.000000000000000000e+00
1.361984133720397949e+00,-5.352884531021118164e-01,6.739657372236251831e-02,4.224458336830139160e-01,1.000000000000000000e+00
1.351278305053710938e+00,-3.411827981472015381e-01,7.584549486637115479e-02,1.517480015754699707e-01,1.000000000000000000e+00
1.344454646110534668e+00,-1.472242027521133423e-01,7.888045161962509155e-02,-1.160762757062911987e-01,0.000000000000000000e+00
1.341510176658630371e+00,-3.433825671672821045e-01,7.655892521142959595e-02,2.004131674766540527e-01,1.000000000000000000e+00
1.334642529487609863e+00,-1.494343280792236328e-01,8.056718856096267700e-02,-6.717068701982498169e-02,1.000000000000000000e+00
1.331653833389282227e+00,4.444563761353492737e-02,7.922377437353134155e-02,-3.333861529827117920e-01,0.000000000000000000e+00
1.332542777061462402e+00,-1.517092734575271606e-01,7.255605608224868774e-02,-1.680921949446201324e-02,1.000000000000000000e+00
1.329508543014526367e+00,4.230118542909622192e-02,7.221987098455429077e-02,-2.857464551925659180e-01,0.000000000000000000e+00
1.330354571342468262e+00,-1.537724584341049194e-01,6.650494039058685303e-02,2.881152927875518799e-02,0.000000000000000000e+00
1.327279210090637207e+00,-3.497819900512695312e-01,6.708116829395294189e-02,3.417139053344726562e-01,1.000000000000000000e+00
1.320283532142639160e+00,-1.556753665208816528e-01,7.391545176506042480e-02,7.091590017080307007e-02,0.000000000000000000e+00
1.317170023918151855e+00,-3.517749011516571045e-01,7.533376663923263550e-02,3.859733939170837402e-01,1.000000000000000000e+00
1.310134530067443848e+00,-1.577987223863601685e-01,8.305323868989944458e-02,1.179615557193756104e-01,0.000000000000000000e+00
1.306978583335876465e+00,-3.540063798427581787e-01,8.541246503591537476e-02,4.356481432914733887e-01,1.000000000000000000e+00
1.299898386001586914e+00,-1.601908355951309204e-01,9.412542730569839478e-02,1.710653901100158691e-01,1.000000000000000000e+00
1.296694636344909668e+00,3.346668928861618042e-02,9.754673391580581665e-02,-9.050302207469940186e-02,1.000000000000000000e+00
1.297363877296447754e+00,2.270649522542953491e-01,9.573667496442794800e-02,-3.508866131305694580e-01,0.000000000000000000e+00
1.301905274391174316e+00,3.072112426161766052e-02,8.871894329786300659e-02,-2.961592748761177063e-02,1.000000000000000000e+00
1.302519679069519043e+00,2.244661599397659302e-01,8.812662959098815918e-02,-2.930413484573364258e-01,0.000000000000000000e+00
1.307008981704711914e+00,2.820549719035625458e-02,8.226580172777175903e-02,2.608294039964675903e-02,1.000000000000000000e+00
1.307573080062866211e+00,2.220572233200073242e-01,8.278746157884597778e-02,-2.395523935556411743e-01,0.000000000000000000e+00
1.312014222145080566e+00,2.585620060563087463e-02,7.799641042947769165e-02,7.805290818214416504e-02,1.000000000000000000e+00
1.312531352043151855e+00,2.197784185409545898e-01,7.955747097730636597e-02,-1.890383809804916382e-01,0.000000000000000000e+00
1.316926956176757812e+00,2.361373230814933777e-02,7.577670365571975708e-02,1.276431679725646973e-01,1.000000000000000000e+00
1.317399144172668457e+00,2.175729572772979736e-01,7.832956314086914062e-02,-1.402037292718887329e-01,0.000000000000000000e+00
1.321750640869140625e+00,2.142161503434181213e-02,7.552549242973327637e-02,1.761264652013778687e-01,0.000000000000000000e+00
1.322179079055786133e+00,-1.746953874826431274e-01,7.904801517724990845e-02,4.916467666625976562e-01,1.000000000000000000e+00
1.318685173988342285e+00,1.922775991261005402e-02,8.888095617294311523e-02,2.248862981796264648e-01,1.000000000000000000e+00
1.319069743156433105e+00,2.129744142293930054e-01,9.337867796421051025e-02,-3.848990425467491150e-02,1.000000000000000000e+00
1.323329210281372070e+00,4.066418707370758057e-01,9.260888397693634033e-02,-3.003120422363281250e-01,0.000000000000000000e+00
1.331462025642395020e+00,2.103303372859954834e-01,8.660264313220977783e-02,2.008153684437274933e-02,1.000000000000000000e+00
1.335668683052062988e+00,4.041104316711425781e-01,8.700427412986755371e-02,-2.440699189901351929e-01,0.000000000000000000e+00
1.343750834465026855e+00,2.078604847192764282e-01,8.212286978960037231e-02,7.473854720592498779e-02,1.000000000000000000e+00
1.347908139228820801e+00,4.017149507999420166e-01,8.361764252185821533e-02,-1.909461915493011475e-01,0.000000000000000000e+00
1.355942368507385254e+00,2.055025100708007812e-01,7.979872077703475952e-02,1.268991082906723022e-01,1.000000000000000000e+00
1.360052466392517090e+00,3.993959724903106689e-01,8.233670145273208618e-02,-1.395796537399291992e-01,0.000000000000000000e+00
1.368040323257446289e+00,2.031971961259841919e-01,7.954511046409606934e-02,1.779011636972427368e-01,1.000000000000000000e+00
1.372104287147521973e+00,3.970960378646850586e-01,8.310313522815704346e-02,-8.866580575704574585e-02,1.000000000000000000e+00
1.380046248435974121e+00,5.909345746040344238e-01,8.132981508970260620e-02,-3.540159463882446289e-01,0.000000000000000000e+00
1.391864895820617676e+00,3.947560191154479980e-01,7.424949854612350464e-02,-3.683622181415557861e-02,1.000000000000000000e+00
1.399760007858276367e+00,5.887390375137329102e-01,7.351277023553848267e-02,-3.051997423171997070e-01,0.000000000000000000e+00
1.411534786224365234e+00,3.926506638526916504e-01,6.740877777338027954e-02,9.731705300509929657e-03,1.000000000000000000e+00
1.419387817382812500e+00,5.867443680763244629e-01,6.760340929031372070e-02,-2.609444558620452881e-01,0.000000000000000000e+00
1.431122660636901855e+00,3.907257914543151855e-01,6.238452345132827759e-02,5.227205902338027954e-02,1.000000000000000000e+00
1.438937187194824219e+00,5.849003195762634277e-01,6.342996656894683838e-02,-2.200939953327178955e-01,1.000000000000000000e+00
1.450635194778442383e+00,7.790609598159790039e-01,5.902808532118797302e-02,-4.921133220195770264e-01,0.000000000000000000e+00
1.466216444969177246e+00,5.831581950187683105e-01,4.918581992387771606e-02,-1.814268827438354492e-01,0.000000000000000000e+00
1.477879643440246582e+00,3.873682320117950439e-01,4.555727913975715637e-02,1.263577491044998169e-01,1.000000000000000000e+00
1.485626935958862305e+00,5.818089246749877930e-01,4.808443412184715271e-02,-1.516114771366119385e-01,1.000000000000000000e+00
1.497263193130493164e+00,7.762105464935302734e-01,4.505220800638198853e-02,-4.287455081939697266e-01,0.000000000000000000e+00
1.512787342071533203e+00,5.804804563522338867e-01,3.647729754447937012e-02,-1.222074329853057861e-01,1.000000000000000000e+00
1.524397015571594238e+00,7.750613689422607422e-01,3.403314575552940369e-02,-4.031626284122467041e-01,0.000000000000000000e+00
1.539898157119750977e+00,5.794736742973327637e-01,2.596989460289478302e-02,-9.994716942310333252e-02,0.000000000000000000e+00
1.551487684249877930e+00,3.839893341064453125e-01,2.397095225751399994e-02,2.008147388696670532e-01,1.000000000000000000e+00
1.559167504310607910e+00,5.787603855133056641e-01,2.798724547028541565e-02,-8.421112596988677979e-02,0.000000000000000000e+00
1.570742726325988770e+00,3.832486569881439209e-01,2.630302309989929199e-02,2.171687781810760498e-01,1.000000000000000000e+00
1.578407645225524902e+00,5.779849290847778320e-01,3.064639866352081299e-02,-6.710235774517059326e-02,1.000000000000000000e+00
1.589967370033264160e+00,7.726544141769409180e-01,2.930435165762901306e-02,-3.499608337879180908e-01,0.000000000000000000e+00
1.605420470237731934e+00,5.771281719207763672e-01,2.230513654649257660e-02,-4.818320646882057190e-02,1.000000000000000000e+00
1.616963028907775879e+00,7.719233036041259766e-01,2.134147100150585175e-02,-3.337460458278656006e-01,0.000000000000000000e+00
1.632401466369628906e+00,5.765042304992675781e-01,1.466655079275369644e-02,-3.441024571657180786e-02,1.000000000000000000e+00
1.643931508064270020e+00,7.714128494262695312e-01,1.397834531962871552e-02,-3.224298655986785889e-01,0.000000000000000000e+00
1.659359812736511230e+00,5.760946273803710938e-01,7.529748138040304184e-03,-2.537172101438045502e-02,1.000000000000000000e+00
1.670881748199462891e+00,7.711077928543090820e-01,7.022313773632049561e-03,-3.156694471836090088e-01,0.000000000000000000e+00
1.686303853988647461e+00,5.758865475654602051e-01,7.089247228577733040e-04,-2.078021876513957977e-02,0.000000000000000000e+00
1.697821617126464844e+00,3.807544112205505371e-01,2.933203650172799826e-04,2.721262872219085693e-01,1.000000000000000000e+00
1.705436706542968750e+00,5.758721828460693359e-01,5.735846236348152161e-03,-2.046409994363784790e-02,1.000000000000000000e+00
1.716954112052917480e+00,7.709113955497741699e-01,5.326564423739910126e-03,-3.113318085670471191e-01,0.000000000000000000e+00
1.732372403144836426e+00,5.757139921188354492e-01,-9.000715799629688263e-04,-1.697379909455776215e-02,1.000000000000000000e+00
1.743886590003967285e+00,7.708488106727600098e-01,-1.239547622390091419e-03,-3.099405765533447266e-01,0.000000000000000000e+00
1.759303569793701172e+00,5.757445693016052246e-01,-7.438358850777149200e-03,-1.764882355928421021e-02,1.000000000000000000e+00
1.770818471908569336e+00,7.709723711013793945e-01,-7.791335694491863251e-03,-3.126693367958068848e-01,0.000000000000000000e+00
1.786237955093383789e+00,5.759623050689697266e-01,-1.404472161084413528e-02,-2.245369367301464081e-02,1.000000000000000000e+00
1.797757148742675781e+00,7.712827920913696289e-01,-1.449379604309797287e-02,-3.195345997810363770e-01,0.000000000000000000e+00
1.813182830810546875e+00,5.763702392578125000e-01,-2.088448777794837952e-02,-3.145748004317283630e-02,0.000000000000000000e+00
1.824710249900817871e+00,3.815539181232452393e-01,-2.151363715529441833e-02,2.545636892318725586e-01,1.000000000000000000e+00
1.832341313362121582e+00,5.769763588905334473e-01,-1.642236299812793732e-02,-4.482661932706832886e-02,1.000000000000000000e+00
1.843880891799926758e+00,7.723298668861389160e-01,-1.731889508664608002e-02,-3.426453769207000732e-01,0.000000000000000000e+00
1.859327435493469238e+00,5.774585604667663574e-01,-2.417180314660072327e-02,-5.547371879220008850e-02,1.000000000000000000e+00
1.870876669883728027e+00,7.729185819625854492e-01,-2.528127841651439667e-02,-3.556839525699615479e-01,0.000000000000000000e+00
1.886335015296936035e+00,5.781650543212890625e-01,-3.239495679736137390e-02,-7.107889652252197266e-02,0.000000000000000000e+00
1.897898316383361816e+00,3.835221529006958008e-01,-3.381653502583503723e-02,2.112098187208175659e-01,1.000000000000000000e+00
1.905568718910217285e+00,5.791108608245849609e-01,-2.959233894944190979e-02,-9.194570034742355347e-02,0.000000000000000000e+00
1.917150974273681641e+00,3.844253122806549072e-01,-3.143125399947166443e-02,1.912559270858764648e-01,1.000000000000000000e+00
1.924839496612548828e+00,5.799824595451354980e-01,-2.760613337159156799e-02,-1.111742109060287476e-01,1.000000000000000000e+00
1.936439156532287598e+00,7.754889130592346191e-01,-2.982961758971214294e-02,-4.124372899532318115e-01,0.000000000000000000e+00
1.951948881149291992e+00,5.808022022247314453e-01,-3.807836398482322693e-02,-1.293057948350906372e-01,0.000000000000000000e+00
1.963564991950988770e+00,3.862458467483520508e-01,-4.066447913646697998e-02,1.511248797178268433e-01,1.000000000000000000e+00
1.971289873123168945e+00,5.819257497787475586e-01,-3.764198347926139832e-02,-1.541044265031814575e-01,0.000000000000000000e+00
1.982928395271301270e+00,3.873624503612518311e-01,-4.072406888008117676e-02,1.264697015285491943e-01,1.000000000000000000e+00
1.990675568580627441e+00,5.830434560775756836e-01,-3.819467499852180481e-02,-1.787779629230499268e-01,0.000000000000000000e+00
2.002336502075195312e+00,3.884882926940917969e-01,-4.177023470401763916e-02,1.016154065728187561e-01,1.000000000000000000e+00
2.010106325149536133e+00,5.841832160949707031e-01,-3.973792865872383118e-02,-2.039477974176406860e-01,0.000000000000000000e+00
2.021790027618408203e+00,3.896513879299163818e-01,-4.381688311696052551e-02,7.593966275453567505e-02,1.000000000000000000e+00
2.029582977294921875e+00,5.853732228279113770e-01,-4.229808971285820007e-02,-2.302393317222595215e-01,0.000000000000000000e+00
2.041290521621704102e+00,3.908804059028625488e-01,-4.690287634730339050e-02,4.880700260400772095e-02,1.000000000000000000e+00
2.049108028411865234e+00,5.866424441337585449e-01,-4.592673480510711670e-02,-2.582975029945373535e-01,1.000000000000000000e+00
2.060840845108032227e+00,7.823889255523681641e-01,-5.109268799424171448e-02,-5.651053786277770996e-01,0.000000000000000000e+00
2.076488733291625977e+00,5.880196690559387207e-01,-6.239479407668113708e-02,-2.889465987682342529e-01,0.000000000000000000e+00
2.088248968124389648e+00,3.938403725624084473e-01,-6.817372888326644897e-02,-1.657663099467754364e-02,1.000000000000000000e+00
2.096125841140747070e+00,5.898704528808593750e-01,-6.850525736808776855e-02,-3.299662172794342041e-01,0.000000000000000000e+00
2.107923269271850586e+00,3.957871496677398682e-01,-7.510457932949066162e-02,-5.964894220232963562e-02,0.000000000000000000e+00
2.115839004516601562e+00,2.018178999423980713e-01,-7.629755884408950806e-02,2.084247171878814697e-01,1.000000000000000000e+00
2.119875431060791016e+00,3.979432284832000732e-01,-7.212906330823898315e-02,-1.073171272873878479e-01,0.000000000000000000e+00
2.127834320068359375e+00,2.039250433444976807e-01,-7.427541166543960571e-02,1.617658585309982300e-01,1.000000000000000000e+00
2.131912708282470703e+00,4.000273942947387695e-01,-7.104009389877319336e-02,-1.533935368061065674e-01,1.000000000000000000e+00
2.139913320541381836e+00,5.960908532142639160e-01,-7.410795986652374268e-02,-4.676151275634765625e-01,0.000000000000000000e+00
2.151834964752197266e+00,4.020898342132568359e-01,-8.346026390790939331e-02,-1.991801410913467407e-01,0.000000000000000000e+00
2.159876823425292969e+00,2.082546055316925049e-01,-8.744386583566665649e-02,6.605179607868194580e-02,1.000000000000000000e+00
2.164041996002197266e+00,4.045143425464630127e-01,-8.612283319234848022e-02,-2.528887689113616943e-01,0.000000000000000000e+00
2.172132253646850586e+00,2.107209712266921997e-01,-9.118060767650604248e-02,1.143508963286876678e-02,1.000000000000000000e+00
2.176346778869628906e+00,4.070242643356323242e-01,-9.095190465450286865e-02,-3.085666000843048096e-01,0.000000000000000000e+00
2.184487104415893555e+00,2.133079916238784790e-01,-9.712323546409606934e-02,-4.589626193046569824e-02,1.000000000000000000e+00
2.188753366470336914e+00,4.096787869930267334e-01,-9.804116189479827881e-02,-3.675736188888549805e-01,0.000000000000000000e+00
2.196946859359741211e+00,2.160767167806625366e-01,-1.053926348686218262e-01,-1.073430553078651428e-01,1.000000000000000000e+00
2.201268434524536133e+00,4.125387072563171387e-01,-1.075394973158836365e-01,-4.313290119171142578e-01,0.000000000000000000e+00
2.209519147872924805e+00,2.190907597541809082e-01,-1.161660775542259216e-01,-1.743890494108200073e-01,0.000000000000000000e+00
2.213901042938232422e+00,2.580641210079193115e-02,-1.196538582444190979e-01,7.950740307569503784e-02,1.000000000000000000e+00
2.214417219161987305e+00,2.224223166704177856e-01,-1.180637106299400330e-01,-2.484021037817001343e-01,0.000000000000000000e+00
2.218865633010864258e+00,2.916698157787322998e-02,-1.230317503213882446e-01,4.832749255001544952e-03,0.000000000000000000e+00
2.219449043273925781e+00,-1.639954000711441040e-01,-1.229350939393043518e-01,2.563060522079467773e-01,1.000000000000000000e+00
2.216169118881225586e+00,3.264768421649932861e-02,-1.178089752793312073e-01,-7.248444110155105591e-02,0.000000000000000000e+00
2.216821908950805664e+00,-1.606055498123168945e-01,-1.192586645483970642e-01,1.808303594589233398e-01,0.000000000000000000e+00
2.213609933853149414e+00,-3.538369834423065186e-01,-1.156420558691024780e-01,4.336397647857666016e-01,1.000000000000000000e+00
2.206533193588256836e+00,-1.572839468717575073e-01,-1.069692596793174744e-01,1.068563610315322876e-01,1.000000000000000000e+00
2.203387498855590820e+00,3.919535502791404724e-02,-1.048321351408958435e-01,-2.175670713186264038e-01,0.000000000000000000e+00
2.204171419143676758e+00,-1.542839556932449341e-01,-1.091834753751754761e-01,4.029440507292747498e-02,0.000000000000000000e+00
2.201085567474365234e+00,-3.476846218109130859e-01,-1.083775907754898071e-01,2.966317534446716309e-01,0.000000000000000000e+00
2.194132089614868164e+00,-5.411081314086914062e-01,-1.024449542164802551e-01,5.532640814781188965e-01,1.000000000000000000e+00
2.183309793472290039e+00,-3.447080552577972412e-01,-9.137967228889465332e-02,2.301423698663711548e-01,0.000000000000000000e+00
2.176415681838989258e+00,-5.384134650230407715e-01,-8.677682280540466309e-02,4.926599562168121338e-01,1.000000000000000000e+00
2.165647506713867188e+00,-3.421816229820251465e-01,-7.692362368106842041e-02,1.739393621683120728e-01,1.000000000000000000e+00
2.158803701400756836e+00,-1.460478305816650391e-01,-7.344483584165573120e-02,-1.419845521450042725e-01,0.000000000000000000e+00
2.155882835388183594e+00,-3.400452733039855957e-01,-7.628452777862548828e-02,1.266537457704544067e-01,0.000000000000000000e+00
2.149081945419311523e+00,-5.339962244033813477e-01,-7.375145703554153442e-02,3.943281471729278564e-01,0.000000000000000000e+00
2.138401985168457031e+00,-7.279983758926391602e-01,-6.586489081382751465e-02,6.628770828247070312e-01,1.000000000000000000e+00
2.123842000961303711e+00,-5.320249199867248535e-01,-5.260735005140304565e-02,3.502039611339569092e-01,0.000000000000000000e+00
2.113201618194580078e+00,-7.263607382774353027e-01,-4.560327157378196716e-02,6.258450150489807129e-01,1.000000000000000000e+00
2.098674297332763672e+00,-5.306328535079956055e-01,-3.308637067675590515e-02,3.191557228565216064e-01,1.000000000000000000e+00
2.088061571121215820e+00,-3.350557088851928711e-01,-2.670325525104999542e-02,1.622492633759975433e-02,0.000000000000000000e+00
2.081360578536987305e+00,-5.297847390174865723e-01,-2.637875638902187347e-02,3.003644943237304688e-01,1.000000000000000000e+00
2.070764780044555664e+00,-3.342969119548797607e-01,-2.037146687507629395e-02,-5.196635029278695583e-04,0.000000000000000000e+00
2.064078807830810547e+00,-5.291208624839782715e-01,-2.038186043500900269e-02,2.856668531894683838e-01,1.000000000000000000e+00
2.053496360778808594e+00,-3.337142467498779297e-01,-1.466852333396673203e-02,-1.337405014783143997e-02,0.000000000000000000e+00
2.046822071075439453e+00,-5.286228060722351074e-01,-1.493600383400917053e-02,2.746449410915374756e-01,1.000000000000000000e+00
2.036249637603759766e+00,-3.332909643650054932e-01,-9.443105198442935944e-03,-2.271116897463798523e-02,1.000000000000000000e+00
2.029583930969238281e+00,-1.380348652601242065e-01,-9.897328913211822510e-03,-3.183584809303283691e-01,0.000000000000000000e+00
2.026823282241821289e+00,-3.330144584178924561e-01,-1.626449823379516602e-02,-2.881317213177680969e-02,0.000000000000000000e+00
2.020162820816040039e+00,-5.278994441032409668e-01,-1.684076152741909027e-02,2.586940824985504150e-01,1.000000000000000000e+00
2.009604930877685547e+00,-3.325411677360534668e-01,-1.166687998920679092e-02,-3.925273194909095764e-02,0.000000000000000000e+00
2.002954006195068359e+00,-5.274938941001892090e-01,-1.245193462818861008e-02,2.497264593839645386e-01,1.000000000000000000e+00
1.992404222488403320e+00,-3.321963548660278320e-01,-7.457405794411897659e-03,-4.685790464282035828e-02,0.000000000000000000e+00
1.985760331153869629e+00,-5.272105932235717773e-01,-8.394563570618629456e-03,2.434628456830978394e-01,1.000000000000000000e+00
1.975216150283813477e+00,-3.319697380065917969e-01,-3.525306936353445053e-03,-5.185607448220252991e-02,0.000000000000000000e+00
1.968576669692993164e+00,-5.270409584045410156e-01,-4.562428221106529236e-03,2.397125065326690674e-01,1.000000000000000000e+00
1.958035826683044434e+00,-3.318541347980499268e-01,2.318217157153412700e-04,-5.440603941679000854e-02,1.000000000000000000e+00
1.951398849487304688e+00,-1.367355138063430786e-01,-8.562990697100758553e-04,-3.470158278942108154e-01,0.000000000000000000e+00
1.948664069175720215e+00,-3.318452835083007812e-01,-7.796615362167358398e-03,-5.460303276777267456e-02,0.000000000000000000e+00
1.942027211189270020e+00,-5.268545746803283691e-01,-8.888675831258296967e-03,2.356098443269729614e-01,1.000000000000000000e+00
1.931490063667297363e+00,-3.316067457199096680e-01,-4.176479298621416092e-03,-5.986354500055313110e-02,0.000000000000000000e+00
1.924857974052429199e+00,-5.266685485839843750e-01,-5.373750347644090652e-03,2.314987480640411377e-01,0.000000000000000000e+00
1.914324641227722168e+00,-7.217133045196533203e-01,-7.437751046381890774e-04,5.224817991256713867e-01,1.000000000000000000e+00
1.899890303611755371e+00,-5.265809297561645508e-01,9.705860167741775513e-03,2.295645773410797119e-01,0.000000000000000000e+00
1.889358758926391602e+00,-7.218402028083801270e-01,1.429715193808078766e-02,5.252932310104370117e-01,1.000000000000000000e+00
1.874921917915344238e+00,-5.269223451614379883e-01,2.480301633477210999e-02,2.371494919061660767e-01,1.000000000000000000e+00
1.864383459091186523e+00,-3.321633636951446533e-01,2.954600565135478973e-02,-4.760777950286865234e-02,0.000000000000000000e+00
1.857740163803100586e+00,-5.276962518692016602e-01,2.859385125339031219e-02,2.542487978935241699e-01,1.000000000000000000e+00
1.847186207771301270e+00,-3.329939842224121094e-01,3.367882594466209412e-02,-2.927975170314311981e-02,1.000000000000000000e+00
1.840526342391967773e+00,-1.383707970380783081e-01,3.309323266148567200e-02,-3.111492991447448730e-01,0.000000000000000000e+00
1.837759017944335938e+00,-3.339482247829437256e-01,2.687024511396884918e-02,-8.216154761612415314e-03,0.000000000000000000e+00
1.831079959869384766e+00,-5.294449925422668457e-01,2.670592255890369415e-02,2.928220927715301514e-01,1.000000000000000000e+00
1.820491075515747070e+00,-3.347138166427612305e-01,3.256236389279365540e-02,8.680041879415512085e-03,1.000000000000000000e+00
1.813796877861022949e+00,-1.400736123323440552e-01,3.273596614599227905e-02,-2.735538482666015625e-01,0.000000000000000000e+00
1.810995340347290039e+00,-3.356469869613647461e-01,2.726488932967185974e-02,2.927170880138874054e-02,1.000000000000000000e+00
1.804282426834106445e+00,-1.409264355897903442e-01,2.785032242536544800e-02,-2.546856999397277832e-01,0.000000000000000000e+00
1.801463842391967773e+00,-3.364347219467163086e-01,2.275660820305347443e-02,4.664997383952140808e-02,0.000000000000000000e+00
1.794735193252563477e+00,-5.318754911422729492e-01,2.368960902094841003e-02,3.464250564575195312e-01,1.000000000000000000e+00
1.784097671508789062e+00,-3.370983600616455078e-01,3.061810880899429321e-02,6.130546331405639648e-02,0.000000000000000000e+00
1.777355670928955078e+00,-5.326456427574157715e-01,3.184421733021736145e-02,3.634892106056213379e-01,1.000000000000000000e+00
1.766702771186828613e+00,-3.379904031753540039e-01,3.911400213837623596e-02,8.101499825716018677e-02,0.000000000000000000e+00
1.759943008422851562e+00,-5.336505770683288574e-01,4.073430225253105164e-02,3.857773840427398682e-01,1.000000000000000000e+00
1.749269962310791016e+00,-3.391298651695251465e-01,4.844985157251358032e-02,1.062109246850013733e-01,0.000000000000000000e+00
1.742487430572509766e+00,-5.349114537239074707e-01,5.057406798005104065e-02,4.137773513793945312e-01,1.000000000000000000e+00
1.731789112091064453e+00,-3.405414521694183350e-01,5.884961411356925964e-02,1.374576091766357422e-01,0.000000000000000000e+00
1.724978327751159668e+00,-5.364547967910766602e-01,6.159876659512519836e-02,4.481106698513031006e-01,1.000000000000000000e+00
1.714249253273010254e+00,-3.422558009624481201e-01,7.056098431348800659e-02,1.754632592201232910e-01,0.000000000000000000e+00
1.707404136657714844e+00,-5.383129119873046875e-01,7.407024502754211426e-02,4.895448386669158936e-01,1.000000000000000000e+00
1.696637868881225586e+00,-3.443098068237304688e-01,8.386114239692687988e-02,2.210948318243026733e-01,1.000000000000000000e+00
1.689751625061035156e+00,-1.504804342985153198e-01,8.828303962945938110e-02,-4.400118440389633179e-02,1.000000000000000000e+00
1.686742067337036133e+00,4.327194020152091980e-02,8.740301430225372314e-02,-3.075763881206512451e-01,0.000000000000000000e+00
1.687607526779174805e+00,-1.529796421527862549e-01,8.125148713588714600e-02,1.134106051176786423e-02,1.000000000000000000e+00
1.684547901153564453e+00,4.088872671127319336e-02,8.147831261157989502e-02,-2.546404600143432617e-01,0.000000000000000000e+00
1.685365676879882812e+00,-1.552963405847549438e-01,7.638549804687500000e-02,6.258900463581085205e-02,0.000000000000000000e+00
1.682259798049926758e+00,-3.514256477355957031e-01,7.763727754354476929e-02,3.783606290817260742e-01,1.000000000000000000e+00
1.675231218338012695e+00,-1.574871987104415894e-01,8.520448952913284302e-02,1.111316606402397156e-01,0.000000000000000000e+00
1.672081470489501953e+00,-3.537201881408691406e-01,8.742712438106536865e-02,4.294331371784210205e-01,1.000000000000000000e+00
1.665007114410400391e+00,-1.599380820989608765e-01,9.601578861474990845e-02,1.655410081148147583e-01,0.000000000000000000e+00
1.661808371543884277e+00,-3.562939763069152832e-01,9.932661056518554688e-02,4.869035184383392334e-01,1.000000000000000000e+00
1.654682397842407227e+00,-1.627035290002822876e-01,1.090646758675575256e-01,2.271031439304351807e-01,1.000000000000000000e+00
1.651428341865539551e+00,3.070446290075778961e-02,1.136067435145378113e-01,-2.928360737860202789e-02,0.000000000000000000e+00
1.652042508125305176e+00,-1.658478826284408569e-01,1.130210682749748230e-01,2.969729304313659668e-01,1.000000000000000000e+00
1.648725509643554688e+00,2.749671600759029388e-02,1.189605295658111572e-01,4.196387156844139099e-02,0.000000000000000000e+00
1.649275422096252441e+00,-1.691124290227890015e-01,1.197998076677322388e-01,3.696852624416351318e-01,1.000000000000000000e+00
1.645893216133117676e+00,2.412179671227931976e-02,1.271935105323791504e-01,1.170483604073524475e-01,1.000000000000000000e+00
1.646375656127929688e+00,2.172135710716247559e-01,1.295344829559326172e-01,-1.329554021358489990e-01,1.000000000000000000e+00
1.650719881057739258e+00,4.102650582790374756e-01,1.268753707408905029e-01,-3.821298480033874512e-01,0.000000000000000000e+00
1.658925175666809082e+00,2.135914266109466553e-01,1.192327737808227539e-01,-5.228931456804275513e-02,1.000000000000000000e+00
1.663197040557861328e+00,4.068198204040527344e-01,1.181869879364967346e-01,-3.051026463508605957e-01,1.000000000000000000e+00
1.671333432197570801e+00,6.000766754150390625e-01,1.120849326252937317e-01,-5.582995414733886719e-01,0.000000000000000000e+00
1.683334946632385254e+00,4.035745561122894287e-01,1.009189411997795105e-01,-2.325119376182556152e-01,0.000000000000000000e+00
1.691406488418579102e+00,2.071662694215774536e-01,9.626870602369308472e-02,9.022133797407150269e-02,0.000000000000000000e+00
1.695549726486206055e+00,1.080570928752422333e-02,9.807313233613967896e-02,4.116576910018920898e-01,1.000000000000000000e+00
1.695765852928161621e+00,2.044105231761932373e-01,1.063062846660614014e-01,1.514332741498947144e-01,0.000000000000000000e+00
1.699854135513305664e+00,7.939666509628295898e-03,1.093349531292915344e-01,4.756710827350616455e-01,1.000000000000000000e+00
1.700012922286987305e+00,2.013616412878036499e-01,1.188483685255050659e-01,2.193510234355926514e-01,1.000000000000000000e+00
1.704040169715881348e+00,3.946019113063812256e-01,1.232353895902633667e-01,-3.360545635223388672e-02,1.000000000000000000e+00
1.711932182312011719e+00,5.877609252929687500e-01,1.225632801651954651e-01,-2.850070297718048096e-01,0.000000000000000000e+00
1.723687410354614258e+00,3.911235034465789795e-01,1.168631389737129211e-01,4.367991164326667786e-02,1.000000000000000000e+00
1.731509804725646973e+00,5.843926668167114258e-01,1.177367419004440308e-01,-2.099668383598327637e-01,1.000000000000000000e+00
1.743197679519653320e+00,7.776516079902648926e-01,1.135374009609222412e-01,-4.633136689662933350e-01,0.000000000000000000e+00
1.758750677108764648e+00,5.811235904693603516e-01,1.042711287736892700e-01,-1.371113508939743042e-01,1.000000000000000000e+00
1.770373225212097168e+00,7.746095061302185059e-01,1.015289053320884705e-01,-3.951636850833892822e-01,0.000000000000000000e+00
1.785865426063537598e+00,5.782045125961303711e-01,9.362562745809555054e-02,-7.227512449026107788e-02,1.000000000000000000e+00
1.797429442405700684e+00,7.718682289123535156e-01,9.218012541532516479e-02,-3.340126276016235352e-01,1.000000000000000000e+00
1.812866806983947754e+00,9.655655622482299805e-01,8.549987524747848511e-02,-5.962625145912170410e-01,0.000000000000000000e+00
1.832178115844726562e+00,7.693577408790588379e-01,7.357462495565414429e-02,-2.779194712638854980e-01,1.000000000000000000e+00
1.847565293312072754e+00,9.633571505546569824e-01,6.801623106002807617e-02,-5.465199351310729980e-01,0.000000000000000000e+00
1.866832494735717773e+00,7.673487663269042969e-01,5.708583444356918335e-02,-2.332058697938919067e-01,1.000000000000000000e+00
1.882179379463195801e+00,9.616105556488037109e-01,5.242171883583068848e-02,-5.073497891426086426e-01,0.000000000000000000e+00
1.901411652565002441e+00,7.657907009124755859e-01,4.227472469210624695e-02,-1.986185163259506226e-01,0.000000000000000000e+00
1.916727423667907715e+00,5.700904130935668945e-01,3.830235451459884644e-02,1.070947498083114624e-01,1.000000000000000000e+00
1.928129315376281738e+00,7.646431326866149902e-01,4.044424742460250854e-02,-1.732621639966964722e-01,1.000000000000000000e+00
1.943422079086303711e+00,9.591636061668395996e-01,3.697900474071502686e-02,-4.529168903827667236e-01,0.000000000000000000e+00
1.962605357170104980e+00,7.635387778282165527e-01,2.792066708207130432e-02,-1.488108932971954346e-01,0.000000000000000000e+00
1.977876186370849609e+00,5.680283308029174805e-01,2.494444884359836578e-02,1.525480300188064575e-01,1.000000000000000000e+00
1.989236712455749512e+00,7.627844214439392090e-01,2.799540944397449493e-02,-1.321622729301452637e-01,1.000000000000000000e+00
2.004492521286010742e+00,9.574943780899047852e-01,2.535216510295867920e-02,-4.158832132816314697e-01,0.000000000000000000e+00
2.023642301559448242e+00,7.620224952697753906e-01,1.703449897468090057e-02,-1.153168380260467529e-01,1.000000000000000000e+00
2.038882732391357422e+00,9.568962454795837402e-01,1.472816336899995804e-02,-4.025771915912628174e-01,0.000000000000000000e+00
2.058020591735839844e+00,7.615685462951660156e-01,6.676619406789541245e-03,-1.052874773740768433e-01,1.000000000000000000e+00
2.073251962661743164e+00,9.565941691398620605e-01,4.570869728922843933e-03,-3.958564996719360352e-01,0.000000000000000000e+00
2.092383861541748047e+00,7.614076733589172363e-01,-3.346260404214262962e-03,-1.017359718680381775e-01,1.000000000000000000e+00
2.107612133026123047e+00,9.565774202346801758e-01,-5.380979739129543304e-03,-3.954727649688720703e-01,0.000000000000000000e+00
2.126743555068969727e+00,7.615322470664978027e-01,-1.329043507575988770e-02,-1.044912040233612061e-01,1.000000000000000000e+00
2.141974210739135742e+00,9.568420648574829102e-01,-1.538025867193937302e-02,-4.013374149799346924e-01,0.000000000000000000e+00
2.161111116409301758e+00,7.619416117668151855e-01,-2.340700663626194000e-02,-1.135429218411445618e-01,0.000000000000000000e+00
2.176349878311157227e+00,5.671627521514892578e-01,-2.567786537110805511e-02,1.716643273830413818e-01,1.000000000000000000e+00
2.187693119049072266e+00,7.626426219940185547e-01,-2.224458009004592896e-02,-1.290072947740554810e-01,1.000000000000000000e+00
2.202946186065673828e+00,9.580760598182678223e-01,-2.482472546398639679e-02,-4.286243021488189697e-01,0.000000000000000000e+00
2.222107648849487305e+00,7.633143067359924316e-01,-3.339721262454986572e-02,-1.438694000244140625e-01,1.000000000000000000e+00
2.237373828887939453e+00,9.588982462882995605e-01,-3.627460077404975891e-02,-4.468986690044403076e-01,0.000000000000000000e+00
2.256551742553710938e+00,7.643077373504638672e-01,-4.521257057785987854e-02,-1.658672988414764404e-01,1.000000000000000000e+00
2.271837949752807617e+00,9.600467681884765625e-01,-4.852991923689842224e-02,-4.724637269973754883e-01,0.000000000000000000e+00
2.291038990020751953e+00,7.656426429748535156e-01,-5.797919258475303650e-02,-1.954630464315414429e-01,0.000000000000000000e+00
2.306351900100708008e+00,5.713958740234375000e-01,-6.188845261931419373e-02,7.838114351034164429e-02,1.000000000000000000e+00
2.317779779434204102e+00,7.673479318618774414e-01,-6.032083183526992798e-02,-2.331677973270416260e-01,1.000000000000000000e+00
2.333126783370971680e+00,9.632775783538818359e-01,-6.498418748378753662e-02,-5.442513227462768555e-01,0.000000000000000000e+00
2.352392196655273438e+00,7.691261172294616699e-01,-7.586921006441116333e-02,-2.727307379245758057e-01,1.000000000000000000e+00
2.367774724960327148e+00,9.652439951896667480e-01,-8.132382482290267944e-02,-5.883454680442810059e-01,0.000000000000000000e+00
2.387079715728759766e+00,7.713494300842285156e-01,-9.309073537588119507e-02,-3.223476707935333252e-01,0.000000000000000000e+00
